Hil.-E] NUMERATION TABLES

 

 

Hil. E Hil. E Hil. Ε Hil. Ε
1 1 8 20 15 43 22 52
2 2 9 23 16 47 23 53
3 3 10 15 17 12 24 54
4 5 11 18 18 49 25 55
5 7 12 36 19 18
6 8 13 38 20 50
7 45 14 37 21 51

Ε ssgk. Hil. 3 Ε ng. Hil. Ε ng. Hil.
1 1 1 ² 27 21 —- 54 52 24
2 2 2 , 28 22 - 55 53 25
3 3 3 29 23 — 56 54 -
4 4 — 30 24 — 57 55 -
5 5 4 31 25 — 58 56 —
6 6 - 32 11 - 59 57 —
7 7 5 33 12 -- 60 58 —-
8 8 6 34 33 - 61 59 -
9 9 — 35 34 — 62 60 —

10 10 —- 36 35 12 63 61 -

11 63 - 37 37 14 64 62 —

12 26 17 38 36 13 65 64 —

13 Η7 —- 39 3511 — 66 65 ῃ

14 28 - 391 38 — 67 6511 ψ

15 29 10 40 39 — 68 66 -

16 30 - 41 40 —- 69 67 —

17 31 — 42 41 — 70 68 --

(47 — 43 42 15 71 70 —

18 -46 19 44 13 — 72 71 —

[32 11 45 14 7 73 72 .-

19 16 — 46 43 — 74 73 --

20 17 8 47 44 16 75 74 *-

21 15 — 48 4411 — 76 75 -

23 1811 -—- 4‘) 45 18 77 76 --

23 18 9 50 48 20 78 77 —-

24 19 — 51 49 21 79 78 -

25 69 — = 52 50 22 80 79 -

26 20 — 2 53 51 23 81 80 --

