ANACREON [E-B‹›·1-.-Hil.

E ng. Hil. E ng. Hil. E ng Hil

19 18 14 54 58 46 91]ν 30 ,475
99 159 —- ¹ 55 53 54 92] 1775
91 19 15 55 54 55 95 91 75
99 99 15 57 55 57 94 99 78
95 99 99 59 59 41 95 83 79
94 91 59 59 49 951λ 01 (18
04 494 99 59 15 ;55 974 - ‘119
*⁰ 195 95 51 - 995 99 94 “99
95 95 - 59 151 99 95 81
27 27 —- 55 79 64 106 - -4

28 28 24 64 71 65 ¹ 101 86 82
29 29 25 65 72 66 102 87 83
30 30 26 66 72 6 67 193 88 84
31 57 59 = 67 73 68 104 89 85
32 31 27 68 74 69 105 90 8 ἰ
33 32 28 69 43 32 106 92 88
34 33 29 70 44 33 107 93 89

οε) 34 —- 71 120 —— 108 136 —
36 35 -- 72 45 34 , 109 141 —<
37 36 62 7 9] 87 , 110 142 ψ
38 38 37 7 61 43 111 146 —
39 56 58 7 62 44 112 147 —
40 39 38 (45 113 151 —

41 37 36
42 69 63
434 67 60

143-23 114 160
64 46 ι 115 159 -
66 55 115 94 99

amq C] ctu-001
8*

-τ -τ *τ —

43ss 68 61 138 — 117 95 91
44 Alem. A1cm. 80 154 —— 118 ()6 92

49 25 81 163 — 119 97 93
45 41 30 82 169 ἢ 120 98 —
46 42 31 83 127 — 121 99

47 46 39 84 75 70 122 156- 9 ——
48 47 48 85 76 71 123 135 —
49 48 49 86 77 73 124 131 —
50 49 50 87 114 74 125 1 21 ᾖ
51 50 51 88 118 —— 126 122 ›—
52 51 52 89 78 72 127 139 —
53 52 53 90 79 76 128 140 ——-

 

 

