Hil.-E] NUMERATION TABLES

ΠΗ. Ε “ Hss. E ’ Hss. E }fiL E
1 1 ³ 29 31 55 59 82 191
2 2 ξ 39 45 59 78 83 192
3 3 1 31 45 57 )7 84 103
4 4 1 32 99 58 39 85 194
5 9 33 79 59 31 89 105
9 8 1 31 72 99 43 87 73
7 9 ¹ 35 50 61 44 88 199
8 11 39 41 92 37 89 197
9 15 1 37 38 93 12 89η 91

19 141199»,Ὶ 38 49 ; 91 93 99 119

11 19 1 39 47 95 91 91 117

12 17 ς 19 54 , 99 95 92 118

 

13 18 41 58 67 66 9.3 119

14 19 42 59 98 97 91 119
15 21 43 71 99 98 95 159
19 22 41 75 79 81 99 159
17 35 45 Ἰ μ 71 85 97 155
18 99 4ᾱη’(6 72 89 98 159
19 97 45 77 73 86 99 157
⁸2) 23 4- zlnmc 'tc- 74 87 109 154
21 21 ⁴ (5555 75 93 191 199
221 0„ 18 48 79 99 192 191
⁰3} “⁰ 49 49 775 91 193 192
21 28 59 59 779 92 191 153
25 29 1 51 51 78 94 105 152
29 39 52 ›2 79 95 199 158
27 32 53 53 89 98 197 151

 

 

 

28 33 ἶ 51 55 = 81 99

E ng. 119 E ssgk. 1111 ς E ng. Hil.
1 1 1 7 7 -— ξ 13 129 —-
2 2 2 8 8 «J 14 13ss 8
3 3 9 9 7 ³ 15 14 9
4 4 4 19 19 - 1 19 49 11
5 5 - 11 11 —- } 17 15 12
G 6 ) 12 12Λ -- ; 18 17 13

