991 331 091 88 93 99 1 99 83
391 131 631 38 93 39 99 33
091 031 831 98 93 99· ¹ 99 99
99ῐ 911 331 98 33 «9 99 99
891 911 931 98 13 99 39 99
991 911 931 98 03 99 19 93
191 311 931 38 99 39 33 33
391 111 931 18 01 19 9999 13
391 011 331 08 96 69 1 63 03
691 601 031 63 69 69 ξ 83 61
391 801 611 83 89 89 ¹ 93 81
991 301 811 33 39 39 33 31
991 901 06 93 99 99 88 91
991 901 311 93 99 99 38 91
091 901 911 93 39 99 98 91
691 901 801 93 893 1199 ι 69 91
891 301 931 33 99 39 ς 99 31
991 101 301 13 99 19 ὲ 39 11
991 001 001 03 19 09 ἓ 99 01
991 66 36 69 99 69 ἱ

991 86 36 89 39 89 ¹

391 36 68 39 19 39 N

191 96 101 99 09 99 1 39 9
091 96 18 99 09 99 ι
691 96 08 99 69 99 ᾗ
991 96 63 99 99 99 9
991 36 83 39
991 16 33 19 39 19 1
991 06 93 09 &²99 169 ᾗ
391 68 36 69 [69 1 13
H ‘1111 ι §l '‘UH ι fl UH ¹ sl. ’1.

 

ᾗ

99 893 “
09 Δῖῖ.
901 993
093 993
η· ‘uffa

633 999 “ 933 693
833 993 ἱ 933 893
333 193 ἱ 93 393
933 093 {⁸3 993
51 9⁰a es ἠἓε

901 093
193 693
π· ‘afa

 

 

SHrIssVJJ NOLLVHffixssN [fl-'³138

