TABLES

COMPARING THE NL'MERATION ADOPTED IN THIS EDITION
(EO wTTH THOSE FOLLowqss› By> 13ERGK IN H1s
‘Pomnss1 LYRm1 GRAffln’ OF 1882 (BGK) AND
HILLER-CRUSIL‘S IN THEIR ‘ANTHOLOGIA LYRICA⁷ OF
1913 (IIIL)

STESRRJORUS
ssgk. 1 ¹ ng. J«) j ng. Ε ng. E
1 1 1 24 30 ι 48 50 72 73
2 2 25 31 49 51 73 74
3 3 26 12 50 52 74 75
4 4 ³ 27 13 51 53 75 76
5 5 28 14 52 54 76 77
6 6 29 15 53 55 77 78
7 7 30 16 54 56 78 79
8 8 31 17 55 57 79 80
9 9 32 18 56 58 80 81
10 10 33 34 57 50 81 82

11 32 34 35 58 60 2 83
33 35 36 59 61 83 84
“’ 36 38 60 62 84 85
45 37 37 61 63 85 86
38 394 62 64 86 87
39 40 63 11 87 88

ι-ιι-ιι-ιμ
υῦῐρωἰῦ
’3 5:

1-1
C*
Ξ

 

 

 

17 29 40 41 64 65 88 89

22 41 42 65 66 89 96
13 23 42 43 66 68 96 91
19 24 43 46 67 69 91 92
26 26 44 47 68 79 ¹ 92 93
21 27 45 49 69 25 93 94
22 28 46]— 18 79 71 94 95
23 29 1 47) 71 72 95 96

